(kicad_pcb (version 20171130) (host pcbnew "(5.0.1)-4")

  (general
    (thickness 1.6)
    (drawings 14)
    (tracks 290)
    (zones 0)
    (modules 52)
    (nets 35)
  )

  (page A4)
  (layers
    (0 F.Cu signal)
    (31 B.Cu signal)
    (32 B.Adhes user)
    (33 F.Adhes user)
    (34 B.Paste user)
    (35 F.Paste user)
    (36 B.SilkS user)
    (37 F.SilkS user)
    (38 B.Mask user)
    (39 F.Mask user)
    (40 Dwgs.User user)
    (41 Cmts.User user)
    (42 Eco1.User user)
    (43 Eco2.User user)
    (44 Edge.Cuts user)
    (45 Margin user)
    (46 B.CrtYd user)
    (47 F.CrtYd user)
    (48 B.Fab user)
    (49 F.Fab user)
  )

  (setup
    (last_trace_width 0.25)
    (trace_clearance 0.2)
    (zone_clearance 0.508)
    (zone_45_only no)
    (trace_min 0.2)
    (segment_width 0.2)
    (edge_width 0.1)
    (via_size 0.8)
    (via_drill 0.4)
    (via_min_size 0.4)
    (via_min_drill 0.3)
    (uvia_size 0.3)
    (uvia_drill 0.1)
    (uvias_allowed no)
    (uvia_min_size 0.2)
    (uvia_min_drill 0.1)
    (pcb_text_width 0.3)
    (pcb_text_size 1.5 1.5)
    (mod_edge_width 0.15)
    (mod_text_size 1 1)
    (mod_text_width 0.15)
    (pad_size 1.5 1.5)
    (pad_drill 0.6)
    (pad_to_mask_clearance 0)
    (solder_mask_min_width 0.25)
    (aux_axis_origin 0 0)
    (visible_elements 7FFFFFFF)
    (pcbplotparams
      (layerselection 0x010fc_ffffffff)
      (usegerberextensions false)
      (usegerberattributes false)
      (usegerberadvancedattributes false)
      (creategerberjobfile false)
      (excludeedgelayer true)
      (linewidth 0.100000)
      (plotframeref false)
      (viasonmask false)
      (mode 1)
      (useauxorigin false)
      (hpglpennumber 1)
      (hpglpenspeed 20)
      (hpglpendiameter 15.000000)
      (psnegative false)
      (psa4output false)
      (plotreference true)
      (plotvalue true)
      (plotinvisibletext false)
      (padsonsilk false)
      (subtractmaskfromsilk false)
      (outputformat 1)
      (mirror false)
      (drillshape 0)
      (scaleselection 1)
      (outputdirectory "Gerbers/"))
  )

  (net 0 "")
  (net 1 "Net-(C1-Pad2)")
  (net 2 "Net-(C1-Pad1)")
  (net 3 "Net-(C2-Pad1)")
  (net 4 "Net-(C2-Pad2)")
  (net 5 "Net-(C3-Pad2)")
  (net 6 "Net-(C4-Pad2)")
  (net 7 "Net-(J1-PadT)")
  (net 8 GND)
  (net 9 "Net-(J1-PadTN)")
  (net 10 "Net-(J2-PadT)")
  (net 11 "Net-(R5-Pad1)")
  (net 12 "Net-(R6-Pad1)")
  (net 13 "Net-(R7-Pad1)")
  (net 14 "Net-(R10-Pad2)")
  (net 15 "Net-(R11-Pad2)")
  (net 16 "Net-(R12-Pad2)")
  (net 17 -12V)
  (net 18 +12V)
  (net 19 "Net-(D1-Pad1)")
  (net 20 "Net-(D2-Pad2)")
  (net 21 "Net-(D3-Pad1)")
  (net 22 "Net-(D4-Pad1)")
  (net 23 POT_R_C)
  (net 24 POT_R_M)
  (net 25 POT_L_C)
  (net 26 POT_L_M)
  (net 27 "Net-(Q1-Pad1)")
  (net 28 "Net-(Q1-Pad3)")
  (net 29 "Net-(Q2-Pad3)")
  (net 30 "Net-(Q2-Pad1)")
  (net 31 OUT_L_C)
  (net 32 OUT_R_C)
  (net 33 OUT_L_M)
  (net 34 OUT_R_M)

  (net_class Default "This is the default net class."
    (clearance 0.2)
    (trace_width 0.25)
    (via_dia 0.8)
    (via_drill 0.4)
    (uvia_dia 0.3)
    (uvia_drill 0.1)
    (add_net +12V)
    (add_net -12V)
    (add_net GND)
    (add_net "Net-(C1-Pad1)")
    (add_net "Net-(C1-Pad2)")
    (add_net "Net-(C2-Pad1)")
    (add_net "Net-(C2-Pad2)")
    (add_net "Net-(C3-Pad2)")
    (add_net "Net-(C4-Pad2)")
    (add_net "Net-(D1-Pad1)")
    (add_net "Net-(D2-Pad2)")
    (add_net "Net-(D3-Pad1)")
    (add_net "Net-(D4-Pad1)")
    (add_net "Net-(J1-PadT)")
    (add_net "Net-(J1-PadTN)")
    (add_net "Net-(J2-PadT)")
    (add_net "Net-(Q1-Pad1)")
    (add_net "Net-(Q1-Pad3)")
    (add_net "Net-(Q2-Pad1)")
    (add_net "Net-(Q2-Pad3)")
    (add_net "Net-(R10-Pad2)")
    (add_net "Net-(R11-Pad2)")
    (add_net "Net-(R12-Pad2)")
    (add_net "Net-(R5-Pad1)")
    (add_net "Net-(R6-Pad1)")
    (add_net "Net-(R7-Pad1)")
    (add_net OUT_L_C)
    (add_net OUT_L_M)
    (add_net OUT_R_C)
    (add_net OUT_R_M)
    (add_net POT_L_C)
    (add_net POT_L_M)
    (add_net POT_R_C)
    (add_net POT_R_M)
  )

  (module KraakenStuff:PJ301M-12 (layer B.Cu) (tedit 5C6D49B6) (tstamp 5C748013)
    (at 32.258 70.4088 90)
    (path /5C66F7FA)
    (fp_text reference J1 (at -3.8354 3.81 90) (layer B.SilkS)
      (effects (font (size 1.2065 1.2065) (thickness 0.1524)) (justify left bottom mirror))
    )
    (fp_text value R_IN (at 5.0546 4.0894 180) (layer B.SilkS)
      (effects (font (size 0.7 0.7) (thickness 0.1524)) (justify left bottom mirror))
    )
    (fp_line (start 4.4958 4.445) (end -6.1722 4.445) (layer B.SilkS) (width 0.254))
    (fp_line (start -6.1722 4.445) (end -6.1722 -4.445) (layer B.SilkS) (width 0.254))
    (fp_line (start -6.1722 -4.445) (end 4.4958 -4.445) (layer B.SilkS) (width 0.254))
    (fp_line (start 4.4958 -4.445) (end 4.4958 4.445) (layer B.SilkS) (width 0.254))
    (fp_circle (center -0.0127 0) (end 1.5621 0) (layer B.SilkS) (width 0.127))
    (fp_circle (center -0.0127 0) (end 2.2733 0) (layer B.SilkS) (width 0.127))
    (fp_circle (center -0.0127 0) (end 1.5113 0) (layer Cmts.User) (width 0.1))
    (fp_circle (center 0 0) (end 3.175 0) (layer Cmts.User) (width 0.0254))
    (pad T thru_hole circle (at -5.207 0 90) (size 1.9304 1.9304) (drill 1.143) (layers *.Cu *.Mask)
      (net 7 "Net-(J1-PadT)") (solder_mask_margin 0.127))
    (pad S thru_hole circle (at 5.7658 0 90) (size 1.9304 1.9304) (drill 0.889) (layers *.Cu *.Mask)
      (net 8 GND) (solder_mask_margin 0.127))
    (pad TN thru_hole circle (at 3.3528 0 90) (size 1.9304 1.9304) (drill 1.143) (layers *.Cu *.Mask)
      (net 9 "Net-(J1-PadTN)") (solder_mask_margin 0.127))
    (pad "" np_thru_hole circle (at 0 0 90) (size 2.8 2.8) (drill 2.6) (layers *.Cu *.Mask))
    (model ${GDOC}/_lib/packages3d/PJ301M-12.WRL
      (offset (xyz -0.8889999866485596 0.4063999938964844 0))
      (scale (xyz 393 393 393))
      (rotate (xyz 0 0 -90))
    )
    (model "C:/Users/xxmarjdm/Documents/KiCad/KraakenStuffLib/3D/PJ301M-12 Thonkiconn v0.2.stp"
      (offset (xyz -1 0 0))
      (scale (xyz 1 1 1))
      (rotate (xyz 0 0 -90))
    )
  )

  (module KraakenStuff:PJ301M-12 (layer B.Cu) (tedit 5C6D49B6) (tstamp 5C73916A)
    (at 41.656 70.4088 90)
    (path /5C66F85A)
    (fp_text reference J2 (at -3.7592 3.556 90) (layer B.SilkS)
      (effects (font (size 1.2065 1.2065) (thickness 0.1524)) (justify left bottom mirror))
    )
    (fp_text value L_IN (at 5.0292 3.556 180) (layer B.SilkS)
      (effects (font (size 0.7 0.7) (thickness 0.1524)) (justify left bottom mirror))
    )
    (fp_line (start 4.4958 4.445) (end -6.1722 4.445) (layer B.SilkS) (width 0.254))
    (fp_line (start -6.1722 4.445) (end -6.1722 -4.445) (layer B.SilkS) (width 0.254))
    (fp_line (start -6.1722 -4.445) (end 4.4958 -4.445) (layer B.SilkS) (width 0.254))
    (fp_line (start 4.4958 -4.445) (end 4.4958 4.445) (layer B.SilkS) (width 0.254))
    (fp_circle (center -0.0127 0) (end 1.5621 0) (layer B.SilkS) (width 0.127))
    (fp_circle (center -0.0127 0) (end 2.2733 0) (layer B.SilkS) (width 0.127))
    (fp_circle (center -0.0127 0) (end 1.5113 0) (layer Cmts.User) (width 0.1))
    (fp_circle (center 0 0) (end 3.175 0) (layer Cmts.User) (width 0.0254))
    (pad T thru_hole circle (at -5.207 0 90) (size 1.9304 1.9304) (drill 1.143) (layers *.Cu *.Mask)
      (net 10 "Net-(J2-PadT)") (solder_mask_margin 0.127))
    (pad S thru_hole circle (at 5.7658 0 90) (size 1.9304 1.9304) (drill 0.889) (layers *.Cu *.Mask)
      (net 8 GND) (solder_mask_margin 0.127))
    (pad TN thru_hole circle (at 3.3528 0 90) (size 1.9304 1.9304) (drill 1.143) (layers *.Cu *.Mask)
      (net 7 "Net-(J1-PadT)") (solder_mask_margin 0.127))
    (pad "" np_thru_hole circle (at 0 0 90) (size 2.8 2.8) (drill 2.6) (layers *.Cu *.Mask))
    (model ${GDOC}/_lib/packages3d/PJ301M-12.WRL
      (offset (xyz -0.8889999866485596 0.4063999938964844 0))
      (scale (xyz 393 393 393))
      (rotate (xyz 0 0 -90))
    )
    (model "C:/Users/xxmarjdm/Documents/KiCad/KraakenStuffLib/3D/PJ301M-12 Thonkiconn v0.2.stp"
      (offset (xyz -1 0 0))
      (scale (xyz 1 1 1))
      (rotate (xyz 0 0 -90))
    )
  )

  (module KraakenStuff:POT-9MM-ALPHA (layer B.Cu) (tedit 5C6D4947) (tstamp 5C7396B5)
    (at 24.384 53.086)
    (path /5C672FEB)
    (fp_text reference RV1 (at -3.302 6.858) (layer B.SilkS)
      (effects (font (size 1 1) (thickness 0.1524)) (justify left bottom mirror))
    )
    (fp_text value 100k (at -0.254 -3.302) (layer B.SilkS)
      (effects (font (size 1.2065 1.2065) (thickness 0.1524)) (justify left bottom mirror))
    )
    (fp_circle (center -0.000163 0.001843) (end -3.500163 0.001843) (layer B.SilkS) (width 0.127))
    (fp_arc (start -4.217263 4.864943) (end -4.090263 5.501843) (angle 90) (layer B.SilkS) (width 0.127))
    (fp_line (start 4.089937 5.501843) (end -4.090263 5.501843) (layer B.SilkS) (width 0.127))
    (fp_arc (start 4.216937 4.864943) (end 4.853837 4.991943) (angle 90) (layer B.SilkS) (width 0.127))
    (fp_line (start 4.853837 -4.988257) (end 4.853837 4.991943) (layer B.SilkS) (width 0.127))
    (fp_arc (start 4.216937 -4.861257) (end 4.089937 -5.498157) (angle 90) (layer B.SilkS) (width 0.127))
    (fp_line (start -4.090263 -5.498157) (end 4.089937 -5.498157) (layer B.SilkS) (width 0.127))
    (fp_arc (start -4.217263 -4.861257) (end -4.854163 -4.988257) (angle 90) (layer B.SilkS) (width 0.127))
    (fp_line (start -4.854163 4.991943) (end -4.854163 -4.988257) (layer B.SilkS) (width 0.127))
    (fp_arc (start 0 0) (end 1.651 2.159) (angle -285.1892907) (layer B.SilkS) (width 0.15))
    (fp_line (start 1.651 2.159) (end -1.651 2.159) (layer B.SilkS) (width 0.15))
    (fp_circle (center 0 0) (end -3.3655 0) (layer Cmts.User) (width 0.15))
    (pad 5 thru_hole circle (at -4.394363 0.001843) (size 2.667 2.667) (drill 2.0574) (layers *.Cu *.Mask))
    (pad 4 thru_hole circle (at 4.394037 0.001843) (size 2.667 2.667) (drill 2.0574) (layers *.Cu *.Mask))
    (pad 1 thru_hole circle (at 2.539837 7.012243 90) (size 1.8034 1.8034) (drill 0.889) (layers *.Cu *.Mask)
      (net 8 GND))
    (pad 2 thru_hole circle (at -0.000163 7.012243 90) (size 1.8034 1.8034) (drill 0.889) (layers *.Cu *.Mask)
      (net 23 POT_R_C))
    (pad 3 thru_hole circle (at -2.540163 7.012243 90) (size 1.8034 1.8034) (drill 0.889) (layers *.Cu *.Mask)
      (net 5 "Net-(C3-Pad2)"))
    (model ${GDOC}/_lib/packages3d/RK09K1130-20.wrl
      (offset (xyz 0 0 6.045199909210205))
      (scale (xyz 393 393 393))
      (rotate (xyz 180 0 0))
    )
    (model C:/Users/xxmarjdm/Documents/KiCad/KraakenStuffLib/3D/kicad-3dmodels/potentiometers/ALPS-RK09K.step
      (at (xyz 0 0 0))
      (scale (xyz 1 1 1))
      (rotate (xyz 0 0 180))
    )
  )

  (module KraakenStuff:POT-9MM-ALPHA (layer B.Cu) (tedit 5C6D4947) (tstamp 5C739270)
    (at 39.116 53.086)
    (path /5C67F8B5)
    (fp_text reference RV2 (at 6.604 6.858) (layer B.SilkS)
      (effects (font (size 1 1) (thickness 0.1524)) (justify left bottom mirror))
    )
    (fp_text value 100k (at 4.826 -3.302) (layer B.SilkS)
      (effects (font (size 1.2065 1.2065) (thickness 0.1524)) (justify left bottom mirror))
    )
    (fp_circle (center -0.000163 0.001843) (end -3.500163 0.001843) (layer B.SilkS) (width 0.127))
    (fp_arc (start -4.217263 4.864943) (end -4.090263 5.501843) (angle 90) (layer B.SilkS) (width 0.127))
    (fp_line (start 4.089937 5.501843) (end -4.090263 5.501843) (layer B.SilkS) (width 0.127))
    (fp_arc (start 4.216937 4.864943) (end 4.853837 4.991943) (angle 90) (layer B.SilkS) (width 0.127))
    (fp_line (start 4.853837 -4.988257) (end 4.853837 4.991943) (layer B.SilkS) (width 0.127))
    (fp_arc (start 4.216937 -4.861257) (end 4.089937 -5.498157) (angle 90) (layer B.SilkS) (width 0.127))
    (fp_line (start -4.090263 -5.498157) (end 4.089937 -5.498157) (layer B.SilkS) (width 0.127))
    (fp_arc (start -4.217263 -4.861257) (end -4.854163 -4.988257) (angle 90) (layer B.SilkS) (width 0.127))
    (fp_line (start -4.854163 4.991943) (end -4.854163 -4.988257) (layer B.SilkS) (width 0.127))
    (fp_arc (start 0 0) (end 1.651 2.159) (angle -285.1892907) (layer B.SilkS) (width 0.15))
    (fp_line (start 1.651 2.159) (end -1.651 2.159) (layer B.SilkS) (width 0.15))
    (fp_circle (center 0 0) (end -3.3655 0) (layer Cmts.User) (width 0.15))
    (pad 5 thru_hole circle (at -4.394363 0.001843) (size 2.667 2.667) (drill 2.0574) (layers *.Cu *.Mask))
    (pad 4 thru_hole circle (at 4.394037 0.001843) (size 2.667 2.667) (drill 2.0574) (layers *.Cu *.Mask))
    (pad 1 thru_hole circle (at 2.539837 7.012243 90) (size 1.8034 1.8034) (drill 0.889) (layers *.Cu *.Mask)
      (net 8 GND))
    (pad 2 thru_hole circle (at -0.000163 7.012243 90) (size 1.8034 1.8034) (drill 0.889) (layers *.Cu *.Mask)
      (net 25 POT_L_C))
    (pad 3 thru_hole circle (at -2.540163 7.012243 90) (size 1.8034 1.8034) (drill 0.889) (layers *.Cu *.Mask)
      (net 6 "Net-(C4-Pad2)"))
    (model ${GDOC}/_lib/packages3d/RK09K1130-20.wrl
      (offset (xyz 0 0 6.045199909210205))
      (scale (xyz 393 393 393))
      (rotate (xyz 180 0 0))
    )
    (model C:/Users/xxmarjdm/Documents/KiCad/KraakenStuffLib/3D/kicad-3dmodels/potentiometers/ALPS-RK09K.step
      (at (xyz 0 0 0))
      (scale (xyz 1 1 1))
      (rotate (xyz 0 0 180))
    )
  )

  (module KraakenStuff:PJ366ST (layer B.Cu) (tedit 5C7DC898) (tstamp 5C747E70)
    (at 22.352 70.4088 90)
    (path /5C67D6EE)
    (fp_text reference J3 (at -3.7592 4.318 90) (layer B.SilkS)
      (effects (font (size 1.2065 1.2065) (thickness 0.1524)) (justify left bottom mirror))
    )
    (fp_text value OUT (at 4.9276 4.6228 180) (layer B.SilkS)
      (effects (font (size 0.7 0.7) (thickness 0.1524)) (justify left bottom mirror))
    )
    (fp_line (start 4.4958 4.945) (end -6.1722 4.945) (layer B.SilkS) (width 0.254))
    (fp_line (start -6.1722 4.9) (end -6.1722 -4.9) (layer B.SilkS) (width 0.254))
    (fp_line (start -6.1722 -4.945) (end 4.4958 -4.945) (layer B.SilkS) (width 0.254))
    (fp_line (start 4.4958 -4.9) (end 4.4958 4.9) (layer B.SilkS) (width 0.254))
    (fp_circle (center -0.0127 0) (end 1.5621 0) (layer B.SilkS) (width 0.127))
    (fp_circle (center -0.0127 0) (end 2.2733 0) (layer B.SilkS) (width 0.127))
    (fp_circle (center -0.0127 0) (end 1.5113 0) (layer Cmts.User) (width 0.1))
    (fp_circle (center 0 0) (end 3.175 0) (layer Cmts.User) (width 0.0254))
    (pad T thru_hole circle (at -5.207 0 90) (size 1.9304 1.9304) (drill 1.143) (layers *.Cu *.Mask)
      (net 32 OUT_R_C) (solder_mask_margin 0.127))
    (pad S thru_hole circle (at 5.7658 0 90) (size 1.9304 1.9304) (drill 0.889) (layers *.Cu *.Mask)
      (net 8 GND) (solder_mask_margin 0.127))
    (pad R thru_hole circle (at 3.3528 0 90) (size 1.9304 1.9304) (drill 1.143) (layers *.Cu *.Mask)
      (net 31 OUT_L_C) (solder_mask_margin 0.127))
    (pad "" np_thru_hole circle (at 0 0 90) (size 3.2 3.2) (drill 3) (layers *.Cu *.Mask))
    (model ${GDOC}/_lib/packages3d/PJ301M-12.WRL
      (offset (xyz -0.8889999866485596 0.4063999938964844 0))
      (scale (xyz 393 393 393))
      (rotate (xyz 0 0 -90))
    )
  )

  (module Connector_PinHeader_2.54mm:PinHeader_1x03_P2.54mm_Vertical (layer B.Cu) (tedit 59FED5CC) (tstamp 5C741322)
    (at 60.706 56.896)
    (descr "Through hole straight pin header, 1x03, 2.54mm pitch, single row")
    (tags "Through hole pin header THT 1x03 2.54mm single row")
    (path /5C894586)
    (fp_text reference J6 (at 0 2.33) (layer B.SilkS)
      (effects (font (size 0.7 0.7) (thickness 0.12)) (justify mirror))
    )
    (fp_text value PWR_M (at 0 -7.41) (layer B.Fab)
      (effects (font (size 0.7 0.7) (thickness 0.12)) (justify mirror))
    )
    (fp_line (start -0.635 1.27) (end 1.27 1.27) (layer B.Fab) (width 0.1))
    (fp_line (start 1.27 1.27) (end 1.27 -6.35) (layer B.Fab) (width 0.1))
    (fp_line (start 1.27 -6.35) (end -1.27 -6.35) (layer B.Fab) (width 0.1))
    (fp_line (start -1.27 -6.35) (end -1.27 0.635) (layer B.Fab) (width 0.1))
    (fp_line (start -1.27 0.635) (end -0.635 1.27) (layer B.Fab) (width 0.1))
    (fp_line (start -1.33 -6.41) (end 1.33 -6.41) (layer B.SilkS) (width 0.12))
    (fp_line (start -1.33 -1.27) (end -1.33 -6.41) (layer B.SilkS) (width 0.12))
    (fp_line (start 1.33 -1.27) (end 1.33 -6.41) (layer B.SilkS) (width 0.12))
    (fp_line (start -1.33 -1.27) (end 1.33 -1.27) (layer B.SilkS) (width 0.12))
    (fp_line (start -1.33 0) (end -1.33 1.33) (layer B.SilkS) (width 0.12))
    (fp_line (start -1.33 1.33) (end 0 1.33) (layer B.SilkS) (width 0.12))
    (fp_line (start -1.8 1.8) (end -1.8 -6.85) (layer B.CrtYd) (width 0.05))
    (fp_line (start -1.8 -6.85) (end 1.8 -6.85) (layer B.CrtYd) (width 0.05))
    (fp_line (start 1.8 -6.85) (end 1.8 1.8) (layer B.CrtYd) (width 0.05))
    (fp_line (start 1.8 1.8) (end -1.8 1.8) (layer B.CrtYd) (width 0.05))
    (fp_text user %R (at 0 -2.54 -90) (layer B.Fab)
      (effects (font (size 0.7 0.7) (thickness 0.12)) (justify mirror))
    )
    (pad 1 thru_hole rect (at 0 0) (size 1.7 1.7) (drill 1) (layers *.Cu *.Mask)
      (net 17 -12V))
    (pad 2 thru_hole oval (at 0 -2.54) (size 1.7 1.7) (drill 1) (layers *.Cu *.Mask)
      (net 18 +12V))
    (pad 3 thru_hole oval (at 0 -5.08) (size 1.7 1.7) (drill 1) (layers *.Cu *.Mask)
      (net 8 GND))
    (model ${KISYS3DMOD}/Connector_PinHeader_2.54mm.3dshapes/PinHeader_1x03_P2.54mm_Vertical.wrl
      (at (xyz 0 0 0))
      (scale (xyz 1 1 1))
      (rotate (xyz 0 0 0))
    )
  )

  (module KraakenStuff:Perforacija (layer F.Cu) (tedit 5C675A30) (tstamp 5C741CC5)
    (at 46.2788 62.992 90)
    (fp_text reference ~ (at 0 2.032 90) (layer F.SilkS)
      (effects (font (size 0.7 0.7) (thickness 0.12)))
    )
    (fp_text value Perforacija (at 0 -2.286 90) (layer F.Fab)
      (effects (font (size 0.7 0.7) (thickness 0.12)))
    )
    (pad "" np_thru_hole circle (at -1.524 0 90) (size 1 1) (drill 1) (layers *.Cu *.Mask))
    (pad "" np_thru_hole circle (at 0 0 90) (size 1 1) (drill 1) (layers *.Cu *.Mask))
    (pad "" np_thru_hole circle (at 1.524 0 90) (size 1 1) (drill 1) (layers *.Cu *.Mask))
  )

  (module Capacitor_SMD:C_0603_1608Metric_Pad1.05x0.95mm_HandSolder (layer F.Cu) (tedit 5B301BBE) (tstamp 5C7390E9)
    (at 35.9664 56.7944 90)
    (descr "Capacitor SMD 0603 (1608 Metric), square (rectangular) end terminal, IPC_7351 nominal with elongated pad for handsoldering. (Body size source: http://www.tortai-tech.com/upload/download/2011102023233369053.pdf), generated with kicad-footprint-generator")
    (tags "capacitor handsolder")
    (path /5C66FC43)
    (attr smd)
    (fp_text reference C1 (at 0 -1.43 90) (layer F.SilkS)
      (effects (font (size 0.7 0.7) (thickness 0.12)))
    )
    (fp_text value 10p (at 0 1.43 90) (layer F.Fab)
      (effects (font (size 0.7 0.7) (thickness 0.12)))
    )
    (fp_text user %R (at 0 0 90) (layer F.Fab)
      (effects (font (size 0.4 0.4) (thickness 0.06)))
    )
    (fp_line (start 1.65 0.73) (end -1.65 0.73) (layer F.CrtYd) (width 0.05))
    (fp_line (start 1.65 -0.73) (end 1.65 0.73) (layer F.CrtYd) (width 0.05))
    (fp_line (start -1.65 -0.73) (end 1.65 -0.73) (layer F.CrtYd) (width 0.05))
    (fp_line (start -1.65 0.73) (end -1.65 -0.73) (layer F.CrtYd) (width 0.05))
    (fp_line (start -0.171267 0.51) (end 0.171267 0.51) (layer F.SilkS) (width 0.12))
    (fp_line (start -0.171267 -0.51) (end 0.171267 -0.51) (layer F.SilkS) (width 0.12))
    (fp_line (start 0.8 0.4) (end -0.8 0.4) (layer F.Fab) (width 0.1))
    (fp_line (start 0.8 -0.4) (end 0.8 0.4) (layer F.Fab) (width 0.1))
    (fp_line (start -0.8 -0.4) (end 0.8 -0.4) (layer F.Fab) (width 0.1))
    (fp_line (start -0.8 0.4) (end -0.8 -0.4) (layer F.Fab) (width 0.1))
    (pad 2 smd roundrect (at 0.875 0 90) (size 1.05 0.95) (layers F.Cu F.Paste F.Mask) (roundrect_rratio 0.25)
      (net 1 "Net-(C1-Pad2)"))
    (pad 1 smd roundrect (at -0.875 0 90) (size 1.05 0.95) (layers F.Cu F.Paste F.Mask) (roundrect_rratio 0.25)
      (net 2 "Net-(C1-Pad1)"))
    (model ${KISYS3DMOD}/Capacitor_SMD.3dshapes/C_0603_1608Metric.wrl
      (at (xyz 0 0 0))
      (scale (xyz 1 1 1))
      (rotate (xyz 0 0 0))
    )
  )

  (module Capacitor_SMD:C_0603_1608Metric_Pad1.05x0.95mm_HandSolder (layer F.Cu) (tedit 5B301BBE) (tstamp 5C746193)
    (at 35.9664 50.038 90)
    (descr "Capacitor SMD 0603 (1608 Metric), square (rectangular) end terminal, IPC_7351 nominal with elongated pad for handsoldering. (Body size source: http://www.tortai-tech.com/upload/download/2011102023233369053.pdf), generated with kicad-footprint-generator")
    (tags "capacitor handsolder")
    (path /5C6701F8)
    (attr smd)
    (fp_text reference C2 (at 0 -1.43 90) (layer F.SilkS)
      (effects (font (size 0.7 0.7) (thickness 0.12)))
    )
    (fp_text value 10p (at 0 1.43 90) (layer F.Fab)
      (effects (font (size 0.7 0.7) (thickness 0.12)))
    )
    (fp_line (start -0.8 0.4) (end -0.8 -0.4) (layer F.Fab) (width 0.1))
    (fp_line (start -0.8 -0.4) (end 0.8 -0.4) (layer F.Fab) (width 0.1))
    (fp_line (start 0.8 -0.4) (end 0.8 0.4) (layer F.Fab) (width 0.1))
    (fp_line (start 0.8 0.4) (end -0.8 0.4) (layer F.Fab) (width 0.1))
    (fp_line (start -0.171267 -0.51) (end 0.171267 -0.51) (layer F.SilkS) (width 0.12))
    (fp_line (start -0.171267 0.51) (end 0.171267 0.51) (layer F.SilkS) (width 0.12))
    (fp_line (start -1.65 0.73) (end -1.65 -0.73) (layer F.CrtYd) (width 0.05))
    (fp_line (start -1.65 -0.73) (end 1.65 -0.73) (layer F.CrtYd) (width 0.05))
    (fp_line (start 1.65 -0.73) (end 1.65 0.73) (layer F.CrtYd) (width 0.05))
    (fp_line (start 1.65 0.73) (end -1.65 0.73) (layer F.CrtYd) (width 0.05))
    (fp_text user %R (at 0 0 90) (layer F.Fab)
      (effects (font (size 0.4 0.4) (thickness 0.06)))
    )
    (pad 1 smd roundrect (at -0.875 0 90) (size 1.05 0.95) (layers F.Cu F.Paste F.Mask) (roundrect_rratio 0.25)
      (net 3 "Net-(C2-Pad1)"))
    (pad 2 smd roundrect (at 0.875 0 90) (size 1.05 0.95) (layers F.Cu F.Paste F.Mask) (roundrect_rratio 0.25)
      (net 4 "Net-(C2-Pad2)"))
    (model ${KISYS3DMOD}/Capacitor_SMD.3dshapes/C_0603_1608Metric.wrl
      (at (xyz 0 0 0))
      (scale (xyz 1 1 1))
      (rotate (xyz 0 0 0))
    )
  )

  (module Capacitor_SMD:CP_Elec_4x5.7 (layer F.Cu) (tedit 5B3026A2) (tstamp 5C761832)
    (at 24.362 56.134 180)
    (descr "SMT capacitor, aluminium electrolytic, 4x5.7, United Chemi-Con ")
    (tags "Capacitor Electrolytic")
    (path /5C6722AC)
    (attr smd)
    (fp_text reference C3 (at 3.788 -1.778 180) (layer F.SilkS)
      (effects (font (size 0.7 0.7) (thickness 0.12)))
    )
    (fp_text value 10uF (at 0 3.2 180) (layer F.Fab)
      (effects (font (size 0.7 0.7) (thickness 0.12)))
    )
    (fp_circle (center 0 0) (end 2 0) (layer F.Fab) (width 0.1))
    (fp_line (start 2.15 -2.15) (end 2.15 2.15) (layer F.Fab) (width 0.1))
    (fp_line (start -1.15 -2.15) (end 2.15 -2.15) (layer F.Fab) (width 0.1))
    (fp_line (start -1.15 2.15) (end 2.15 2.15) (layer F.Fab) (width 0.1))
    (fp_line (start -2.15 -1.15) (end -2.15 1.15) (layer F.Fab) (width 0.1))
    (fp_line (start -2.15 -1.15) (end -1.15 -2.15) (layer F.Fab) (width 0.1))
    (fp_line (start -2.15 1.15) (end -1.15 2.15) (layer F.Fab) (width 0.1))
    (fp_line (start -1.574773 -1) (end -1.174773 -1) (layer F.Fab) (width 0.1))
    (fp_line (start -1.374773 -1.2) (end -1.374773 -0.8) (layer F.Fab) (width 0.1))
    (fp_line (start 2.26 2.26) (end 2.26 1.06) (layer F.SilkS) (width 0.12))
    (fp_line (start 2.26 -2.26) (end 2.26 -1.06) (layer F.SilkS) (width 0.12))
    (fp_line (start -1.195563 -2.26) (end 2.26 -2.26) (layer F.SilkS) (width 0.12))
    (fp_line (start -1.195563 2.26) (end 2.26 2.26) (layer F.SilkS) (width 0.12))
    (fp_line (start -2.26 1.195563) (end -2.26 1.06) (layer F.SilkS) (width 0.12))
    (fp_line (start -2.26 -1.195563) (end -2.26 -1.06) (layer F.SilkS) (width 0.12))
    (fp_line (start -2.26 -1.195563) (end -1.195563 -2.26) (layer F.SilkS) (width 0.12))
    (fp_line (start -2.26 1.195563) (end -1.195563 2.26) (layer F.SilkS) (width 0.12))
    (fp_line (start -3 -1.56) (end -2.5 -1.56) (layer F.SilkS) (width 0.12))
    (fp_line (start -2.75 -1.81) (end -2.75 -1.31) (layer F.SilkS) (width 0.12))
    (fp_line (start 2.4 -2.4) (end 2.4 -1.05) (layer F.CrtYd) (width 0.05))
    (fp_line (start 2.4 -1.05) (end 3.35 -1.05) (layer F.CrtYd) (width 0.05))
    (fp_line (start 3.35 -1.05) (end 3.35 1.05) (layer F.CrtYd) (width 0.05))
    (fp_line (start 3.35 1.05) (end 2.4 1.05) (layer F.CrtYd) (width 0.05))
    (fp_line (start 2.4 1.05) (end 2.4 2.4) (layer F.CrtYd) (width 0.05))
    (fp_line (start -1.25 2.4) (end 2.4 2.4) (layer F.CrtYd) (width 0.05))
    (fp_line (start -1.25 -2.4) (end 2.4 -2.4) (layer F.CrtYd) (width 0.05))
    (fp_line (start -2.4 1.25) (end -1.25 2.4) (layer F.CrtYd) (width 0.05))
    (fp_line (start -2.4 -1.25) (end -1.25 -2.4) (layer F.CrtYd) (width 0.05))
    (fp_line (start -2.4 -1.25) (end -2.4 -1.05) (layer F.CrtYd) (width 0.05))
    (fp_line (start -2.4 1.05) (end -2.4 1.25) (layer F.CrtYd) (width 0.05))
    (fp_line (start -2.4 -1.05) (end -3.35 -1.05) (layer F.CrtYd) (width 0.05))
    (fp_line (start -3.35 -1.05) (end -3.35 1.05) (layer F.CrtYd) (width 0.05))
    (fp_line (start -3.35 1.05) (end -2.4 1.05) (layer F.CrtYd) (width 0.05))
    (fp_text user %R (at 0 0 180) (layer F.Fab)
      (effects (font (size 0.8 0.8) (thickness 0.12)))
    )
    (pad 1 smd rect (at -1.8 0 180) (size 2.6 1.6) (layers F.Cu F.Paste F.Mask)
      (net 2 "Net-(C1-Pad1)"))
    (pad 2 smd rect (at 1.8 0 180) (size 2.6 1.6) (layers F.Cu F.Paste F.Mask)
      (net 5 "Net-(C3-Pad2)"))
    (model ${KISYS3DMOD}/Capacitor_SMD.3dshapes/CP_Elec_4x5.7.wrl
      (at (xyz 0 0 0))
      (scale (xyz 1 1 1))
      (rotate (xyz 0 0 0))
    )
  )

  (module Capacitor_SMD:CP_Elec_4x5.7 (layer F.Cu) (tedit 5B3026A2) (tstamp 5C761A2E)
    (at 24.362 50.6476 180)
    (descr "SMT capacitor, aluminium electrolytic, 4x5.7, United Chemi-Con ")
    (tags "Capacitor Electrolytic")
    (path /5C672938)
    (attr smd)
    (fp_text reference C4 (at 3.534 1.6256 180) (layer F.SilkS)
      (effects (font (size 0.7 0.7) (thickness 0.12)))
    )
    (fp_text value 10uF (at 0 3.2 180) (layer F.Fab)
      (effects (font (size 0.7 0.7) (thickness 0.12)))
    )
    (fp_text user %R (at 0 0 180) (layer F.Fab)
      (effects (font (size 0.8 0.8) (thickness 0.12)))
    )
    (fp_line (start -3.35 1.05) (end -2.4 1.05) (layer F.CrtYd) (width 0.05))
    (fp_line (start -3.35 -1.05) (end -3.35 1.05) (layer F.CrtYd) (width 0.05))
    (fp_line (start -2.4 -1.05) (end -3.35 -1.05) (layer F.CrtYd) (width 0.05))
    (fp_line (start -2.4 1.05) (end -2.4 1.25) (layer F.CrtYd) (width 0.05))
    (fp_line (start -2.4 -1.25) (end -2.4 -1.05) (layer F.CrtYd) (width 0.05))
    (fp_line (start -2.4 -1.25) (end -1.25 -2.4) (layer F.CrtYd) (width 0.05))
    (fp_line (start -2.4 1.25) (end -1.25 2.4) (layer F.CrtYd) (width 0.05))
    (fp_line (start -1.25 -2.4) (end 2.4 -2.4) (layer F.CrtYd) (width 0.05))
    (fp_line (start -1.25 2.4) (end 2.4 2.4) (layer F.CrtYd) (width 0.05))
    (fp_line (start 2.4 1.05) (end 2.4 2.4) (layer F.CrtYd) (width 0.05))
    (fp_line (start 3.35 1.05) (end 2.4 1.05) (layer F.CrtYd) (width 0.05))
    (fp_line (start 3.35 -1.05) (end 3.35 1.05) (layer F.CrtYd) (width 0.05))
    (fp_line (start 2.4 -1.05) (end 3.35 -1.05) (layer F.CrtYd) (width 0.05))
    (fp_line (start 2.4 -2.4) (end 2.4 -1.05) (layer F.CrtYd) (width 0.05))
    (fp_line (start -2.75 -1.81) (end -2.75 -1.31) (layer F.SilkS) (width 0.12))
    (fp_line (start -3 -1.56) (end -2.5 -1.56) (layer F.SilkS) (width 0.12))
    (fp_line (start -2.26 1.195563) (end -1.195563 2.26) (layer F.SilkS) (width 0.12))
    (fp_line (start -2.26 -1.195563) (end -1.195563 -2.26) (layer F.SilkS) (width 0.12))
    (fp_line (start -2.26 -1.195563) (end -2.26 -1.06) (layer F.SilkS) (width 0.12))
    (fp_line (start -2.26 1.195563) (end -2.26 1.06) (layer F.SilkS) (width 0.12))
    (fp_line (start -1.195563 2.26) (end 2.26 2.26) (layer F.SilkS) (width 0.12))
    (fp_line (start -1.195563 -2.26) (end 2.26 -2.26) (layer F.SilkS) (width 0.12))
    (fp_line (start 2.26 -2.26) (end 2.26 -1.06) (layer F.SilkS) (width 0.12))
    (fp_line (start 2.26 2.26) (end 2.26 1.06) (layer F.SilkS) (width 0.12))
    (fp_line (start -1.374773 -1.2) (end -1.374773 -0.8) (layer F.Fab) (width 0.1))
    (fp_line (start -1.574773 -1) (end -1.174773 -1) (layer F.Fab) (width 0.1))
    (fp_line (start -2.15 1.15) (end -1.15 2.15) (layer F.Fab) (width 0.1))
    (fp_line (start -2.15 -1.15) (end -1.15 -2.15) (layer F.Fab) (width 0.1))
    (fp_line (start -2.15 -1.15) (end -2.15 1.15) (layer F.Fab) (width 0.1))
    (fp_line (start -1.15 2.15) (end 2.15 2.15) (layer F.Fab) (width 0.1))
    (fp_line (start -1.15 -2.15) (end 2.15 -2.15) (layer F.Fab) (width 0.1))
    (fp_line (start 2.15 -2.15) (end 2.15 2.15) (layer F.Fab) (width 0.1))
    (fp_circle (center 0 0) (end 2 0) (layer F.Fab) (width 0.1))
    (pad 2 smd rect (at 1.8 0 180) (size 2.6 1.6) (layers F.Cu F.Paste F.Mask)
      (net 6 "Net-(C4-Pad2)"))
    (pad 1 smd rect (at -1.8 0 180) (size 2.6 1.6) (layers F.Cu F.Paste F.Mask)
      (net 3 "Net-(C2-Pad1)"))
    (model ${KISYS3DMOD}/Capacitor_SMD.3dshapes/CP_Elec_4x5.7.wrl
      (at (xyz 0 0 0))
      (scale (xyz 1 1 1))
      (rotate (xyz 0 0 0))
    )
  )

  (module Resistor_SMD:R_0603_1608Metric_Pad1.05x0.95mm_HandSolder (layer F.Cu) (tedit 5B301BBD) (tstamp 5C73918B)
    (at 39.0144 66.0908 270)
    (descr "Resistor SMD 0603 (1608 Metric), square (rectangular) end terminal, IPC_7351 nominal with elongated pad for handsoldering. (Body size source: http://www.tortai-tech.com/upload/download/2011102023233369053.pdf), generated with kicad-footprint-generator")
    (tags "resistor handsolder")
    (path /5C66F8D7)
    (attr smd)
    (fp_text reference R1 (at -0.0508 1.4224 270) (layer F.SilkS)
      (effects (font (size 0.7 0.7) (thickness 0.12)))
    )
    (fp_text value 100k (at 0 1.43 270) (layer F.Fab)
      (effects (font (size 0.7 0.7) (thickness 0.12)))
    )
    (fp_text user %R (at 0 0 270) (layer F.Fab)
      (effects (font (size 0.4 0.4) (thickness 0.06)))
    )
    (fp_line (start 1.65 0.73) (end -1.65 0.73) (layer F.CrtYd) (width 0.05))
    (fp_line (start 1.65 -0.73) (end 1.65 0.73) (layer F.CrtYd) (width 0.05))
    (fp_line (start -1.65 -0.73) (end 1.65 -0.73) (layer F.CrtYd) (width 0.05))
    (fp_line (start -1.65 0.73) (end -1.65 -0.73) (layer F.CrtYd) (width 0.05))
    (fp_line (start -0.171267 0.51) (end 0.171267 0.51) (layer F.SilkS) (width 0.12))
    (fp_line (start -0.171267 -0.51) (end 0.171267 -0.51) (layer F.SilkS) (width 0.12))
    (fp_line (start 0.8 0.4) (end -0.8 0.4) (layer F.Fab) (width 0.1))
    (fp_line (start 0.8 -0.4) (end 0.8 0.4) (layer F.Fab) (width 0.1))
    (fp_line (start -0.8 -0.4) (end 0.8 -0.4) (layer F.Fab) (width 0.1))
    (fp_line (start -0.8 0.4) (end -0.8 -0.4) (layer F.Fab) (width 0.1))
    (pad 2 smd roundrect (at 0.875 0 270) (size 1.05 0.95) (layers F.Cu F.Paste F.Mask) (roundrect_rratio 0.25)
      (net 7 "Net-(J1-PadT)"))
    (pad 1 smd roundrect (at -0.875 0 270) (size 1.05 0.95) (layers F.Cu F.Paste F.Mask) (roundrect_rratio 0.25)
      (net 1 "Net-(C1-Pad2)"))
    (model ${KISYS3DMOD}/Resistor_SMD.3dshapes/R_0603_1608Metric.wrl
      (at (xyz 0 0 0))
      (scale (xyz 1 1 1))
      (rotate (xyz 0 0 0))
    )
  )

  (module Resistor_SMD:R_0603_1608Metric_Pad1.05x0.95mm_HandSolder (layer F.Cu) (tedit 5B301BBD) (tstamp 5C73919C)
    (at 44.196 66.04 270)
    (descr "Resistor SMD 0603 (1608 Metric), square (rectangular) end terminal, IPC_7351 nominal with elongated pad for handsoldering. (Body size source: http://www.tortai-tech.com/upload/download/2011102023233369053.pdf), generated with kicad-footprint-generator")
    (tags "resistor handsolder")
    (path /5C66FAD7)
    (attr smd)
    (fp_text reference R2 (at 0 1.016 270) (layer F.SilkS)
      (effects (font (size 0.7 0.7) (thickness 0.12)))
    )
    (fp_text value 100k (at 0 1.43 270) (layer F.Fab)
      (effects (font (size 0.7 0.7) (thickness 0.12)))
    )
    (fp_line (start -0.8 0.4) (end -0.8 -0.4) (layer F.Fab) (width 0.1))
    (fp_line (start -0.8 -0.4) (end 0.8 -0.4) (layer F.Fab) (width 0.1))
    (fp_line (start 0.8 -0.4) (end 0.8 0.4) (layer F.Fab) (width 0.1))
    (fp_line (start 0.8 0.4) (end -0.8 0.4) (layer F.Fab) (width 0.1))
    (fp_line (start -0.171267 -0.51) (end 0.171267 -0.51) (layer F.SilkS) (width 0.12))
    (fp_line (start -0.171267 0.51) (end 0.171267 0.51) (layer F.SilkS) (width 0.12))
    (fp_line (start -1.65 0.73) (end -1.65 -0.73) (layer F.CrtYd) (width 0.05))
    (fp_line (start -1.65 -0.73) (end 1.65 -0.73) (layer F.CrtYd) (width 0.05))
    (fp_line (start 1.65 -0.73) (end 1.65 0.73) (layer F.CrtYd) (width 0.05))
    (fp_line (start 1.65 0.73) (end -1.65 0.73) (layer F.CrtYd) (width 0.05))
    (fp_text user %R (at 0 0 270) (layer F.Fab)
      (effects (font (size 0.4 0.4) (thickness 0.06)))
    )
    (pad 1 smd roundrect (at -0.875 0 270) (size 1.05 0.95) (layers F.Cu F.Paste F.Mask) (roundrect_rratio 0.25)
      (net 4 "Net-(C2-Pad2)"))
    (pad 2 smd roundrect (at 0.875 0 270) (size 1.05 0.95) (layers F.Cu F.Paste F.Mask) (roundrect_rratio 0.25)
      (net 10 "Net-(J2-PadT)"))
    (model ${KISYS3DMOD}/Resistor_SMD.3dshapes/R_0603_1608Metric.wrl
      (at (xyz 0 0 0))
      (scale (xyz 1 1 1))
      (rotate (xyz 0 0 0))
    )
  )

  (module Resistor_SMD:R_0603_1608Metric_Pad1.05x0.95mm_HandSolder (layer F.Cu) (tedit 5B301BBD) (tstamp 5C7391AD)
    (at 37.5412 56.7944 90)
    (descr "Resistor SMD 0603 (1608 Metric), square (rectangular) end terminal, IPC_7351 nominal with elongated pad for handsoldering. (Body size source: http://www.tortai-tech.com/upload/download/2011102023233369053.pdf), generated with kicad-footprint-generator")
    (tags "resistor handsolder")
    (path /5C66FB99)
    (attr smd)
    (fp_text reference R3 (at 2.4384 0.0508 90) (layer F.SilkS)
      (effects (font (size 0.7 0.7) (thickness 0.12)))
    )
    (fp_text value 39k (at 0 1.43 90) (layer F.Fab)
      (effects (font (size 0.7 0.7) (thickness 0.12)))
    )
    (fp_text user %R (at 0 0 90) (layer F.Fab)
      (effects (font (size 0.4 0.4) (thickness 0.06)))
    )
    (fp_line (start 1.65 0.73) (end -1.65 0.73) (layer F.CrtYd) (width 0.05))
    (fp_line (start 1.65 -0.73) (end 1.65 0.73) (layer F.CrtYd) (width 0.05))
    (fp_line (start -1.65 -0.73) (end 1.65 -0.73) (layer F.CrtYd) (width 0.05))
    (fp_line (start -1.65 0.73) (end -1.65 -0.73) (layer F.CrtYd) (width 0.05))
    (fp_line (start -0.171267 0.51) (end 0.171267 0.51) (layer F.SilkS) (width 0.12))
    (fp_line (start -0.171267 -0.51) (end 0.171267 -0.51) (layer F.SilkS) (width 0.12))
    (fp_line (start 0.8 0.4) (end -0.8 0.4) (layer F.Fab) (width 0.1))
    (fp_line (start 0.8 -0.4) (end 0.8 0.4) (layer F.Fab) (width 0.1))
    (fp_line (start -0.8 -0.4) (end 0.8 -0.4) (layer F.Fab) (width 0.1))
    (fp_line (start -0.8 0.4) (end -0.8 -0.4) (layer F.Fab) (width 0.1))
    (pad 2 smd roundrect (at 0.875 0 90) (size 1.05 0.95) (layers F.Cu F.Paste F.Mask) (roundrect_rratio 0.25)
      (net 1 "Net-(C1-Pad2)"))
    (pad 1 smd roundrect (at -0.875 0 90) (size 1.05 0.95) (layers F.Cu F.Paste F.Mask) (roundrect_rratio 0.25)
      (net 2 "Net-(C1-Pad1)"))
    (model ${KISYS3DMOD}/Resistor_SMD.3dshapes/R_0603_1608Metric.wrl
      (at (xyz 0 0 0))
      (scale (xyz 1 1 1))
      (rotate (xyz 0 0 0))
    )
  )

  (module Resistor_SMD:R_0603_1608Metric_Pad1.05x0.95mm_HandSolder (layer F.Cu) (tedit 5B301BBD) (tstamp 5C748FED)
    (at 37.5412 50.038 90)
    (descr "Resistor SMD 0603 (1608 Metric), square (rectangular) end terminal, IPC_7351 nominal with elongated pad for handsoldering. (Body size source: http://www.tortai-tech.com/upload/download/2011102023233369053.pdf), generated with kicad-footprint-generator")
    (tags "resistor handsolder")
    (path /5C66FD55)
    (attr smd)
    (fp_text reference R4 (at -2.54 0.0508 90) (layer F.SilkS)
      (effects (font (size 0.7 0.7) (thickness 0.12)))
    )
    (fp_text value 39k (at 0 1.43 90) (layer F.Fab)
      (effects (font (size 0.7 0.7) (thickness 0.12)))
    )
    (fp_line (start -0.8 0.4) (end -0.8 -0.4) (layer F.Fab) (width 0.1))
    (fp_line (start -0.8 -0.4) (end 0.8 -0.4) (layer F.Fab) (width 0.1))
    (fp_line (start 0.8 -0.4) (end 0.8 0.4) (layer F.Fab) (width 0.1))
    (fp_line (start 0.8 0.4) (end -0.8 0.4) (layer F.Fab) (width 0.1))
    (fp_line (start -0.171267 -0.51) (end 0.171267 -0.51) (layer F.SilkS) (width 0.12))
    (fp_line (start -0.171267 0.51) (end 0.171267 0.51) (layer F.SilkS) (width 0.12))
    (fp_line (start -1.65 0.73) (end -1.65 -0.73) (layer F.CrtYd) (width 0.05))
    (fp_line (start -1.65 -0.73) (end 1.65 -0.73) (layer F.CrtYd) (width 0.05))
    (fp_line (start 1.65 -0.73) (end 1.65 0.73) (layer F.CrtYd) (width 0.05))
    (fp_line (start 1.65 0.73) (end -1.65 0.73) (layer F.CrtYd) (width 0.05))
    (fp_text user %R (at 0 0 90) (layer F.Fab)
      (effects (font (size 0.4 0.4) (thickness 0.06)))
    )
    (pad 1 smd roundrect (at -0.875 0 90) (size 1.05 0.95) (layers F.Cu F.Paste F.Mask) (roundrect_rratio 0.25)
      (net 3 "Net-(C2-Pad1)"))
    (pad 2 smd roundrect (at 0.875 0 90) (size 1.05 0.95) (layers F.Cu F.Paste F.Mask) (roundrect_rratio 0.25)
      (net 4 "Net-(C2-Pad2)"))
    (model ${KISYS3DMOD}/Resistor_SMD.3dshapes/R_0603_1608Metric.wrl
      (at (xyz 0 0 0))
      (scale (xyz 1 1 1))
      (rotate (xyz 0 0 0))
    )
  )

  (module Resistor_SMD:R_0603_1608Metric_Pad1.05x0.95mm_HandSolder (layer F.Cu) (tedit 5B301BBD) (tstamp 5C7391CF)
    (at 51.7284 66.167)
    (descr "Resistor SMD 0603 (1608 Metric), square (rectangular) end terminal, IPC_7351 nominal with elongated pad for handsoldering. (Body size source: http://www.tortai-tech.com/upload/download/2011102023233369053.pdf), generated with kicad-footprint-generator")
    (tags "resistor handsolder")
    (path /5C6758A1)
    (attr smd)
    (fp_text reference R5 (at 0 -1.43) (layer F.SilkS)
      (effects (font (size 0.7 0.7) (thickness 0.12)))
    )
    (fp_text value 10k (at 0 1.43) (layer F.Fab)
      (effects (font (size 0.7 0.7) (thickness 0.12)))
    )
    (fp_line (start -0.8 0.4) (end -0.8 -0.4) (layer F.Fab) (width 0.1))
    (fp_line (start -0.8 -0.4) (end 0.8 -0.4) (layer F.Fab) (width 0.1))
    (fp_line (start 0.8 -0.4) (end 0.8 0.4) (layer F.Fab) (width 0.1))
    (fp_line (start 0.8 0.4) (end -0.8 0.4) (layer F.Fab) (width 0.1))
    (fp_line (start -0.171267 -0.51) (end 0.171267 -0.51) (layer F.SilkS) (width 0.12))
    (fp_line (start -0.171267 0.51) (end 0.171267 0.51) (layer F.SilkS) (width 0.12))
    (fp_line (start -1.65 0.73) (end -1.65 -0.73) (layer F.CrtYd) (width 0.05))
    (fp_line (start -1.65 -0.73) (end 1.65 -0.73) (layer F.CrtYd) (width 0.05))
    (fp_line (start 1.65 -0.73) (end 1.65 0.73) (layer F.CrtYd) (width 0.05))
    (fp_line (start 1.65 0.73) (end -1.65 0.73) (layer F.CrtYd) (width 0.05))
    (fp_text user %R (at 0 0) (layer F.Fab)
      (effects (font (size 0.4 0.4) (thickness 0.06)))
    )
    (pad 1 smd roundrect (at -0.875 0) (size 1.05 0.95) (layers F.Cu F.Paste F.Mask) (roundrect_rratio 0.25)
      (net 11 "Net-(R5-Pad1)"))
    (pad 2 smd roundrect (at 0.875 0) (size 1.05 0.95) (layers F.Cu F.Paste F.Mask) (roundrect_rratio 0.25)
      (net 24 POT_R_M))
    (model ${KISYS3DMOD}/Resistor_SMD.3dshapes/R_0603_1608Metric.wrl
      (at (xyz 0 0 0))
      (scale (xyz 1 1 1))
      (rotate (xyz 0 0 0))
    )
  )

  (module Resistor_SMD:R_0603_1608Metric_Pad1.05x0.95mm_HandSolder (layer F.Cu) (tedit 5B301BBD) (tstamp 5C7391E0)
    (at 66.2318 66.167)
    (descr "Resistor SMD 0603 (1608 Metric), square (rectangular) end terminal, IPC_7351 nominal with elongated pad for handsoldering. (Body size source: http://www.tortai-tech.com/upload/download/2011102023233369053.pdf), generated with kicad-footprint-generator")
    (tags "resistor handsolder")
    (path /5C67F8C4)
    (attr smd)
    (fp_text reference R6 (at 0 -1.43) (layer F.SilkS)
